1000
0.9664535356921388 0.4407325991753527 0.007491470058587191
0.9109759624491242 0.939268997363764 0.5822275730589491
0.6715634814879851 0.08393822683708396 0.7664809327917963
0.23680977536311776 0.030814021726609964 0.7887727172362835
0.3460889655971231 0.6232814750391685 0.6158156951036152
0.14855463870828756 0.18309064740993164 0.11441296968868764
0.014618780486909122 0.48675154060475834 0.9649015609162157
0.06456228097718608 0.5410881855511303 0.46589855900830957
0.6014634495610515 0.08892882999066232 0.5790026861873665
0.26958550381944824 0.5564325605562156 0.6446342341782827
0.48103637136651844 0.35523914744298335 0.249152121361209
0.9335154980423467 0.45338801947649354 0.5301612069115903
0.019299566309716853 0.5081019257797922 0.005780237417743139
0.14376842759559538 0.47282692534740633 0.3773474407725964
0.05417519864614284 0.5875285081310694 0.1640032237419612
0.5573302374414681 0.1442457216019083 0.9373070846962247
0.7709799715197749 0.9569331223494054 0.14122776441649953
0.3053927082876986 0.03958962422796164 0.27678369479169207
0.8065125051156038 0.177343035278254 0.15457051471078964
0.9547186557023949 0.154551400089043 0.8338892941512318
0.04106280627180747 0.38618352833582825 0.3495923019636925
0.3417077927504538 0.8164630567142304 0.47593490813172823
0.7828902895224036 0.4708401253088451 0.8173440068581418
0.8815675986556064 0.43959639767963965 0.781063597792481
0.8147411602576974 0.29567891564250737 0.12387667430690597
0.18562186074498854 0.4360597935994146 0.11946740701121195
0.5297991417578831 0.8294211614174424 0.48520115298643485
0.817734001701804 0.6563916225394183 0.6410430311516905
0.3453489252042602 0.7026589490483248 0.8099405837312028
0.15716958478401755 0.9079906191155508 0.26933036723681814
0.15484649574701626 0.8404791651944925 0.7201279798410062
0.7935623957737522 0.4466706642559476 0.07077388523885675
0.3952430502634495 0.04773529540398547 0.28613350393922754
0.037994595016476396 0.5067148419441442 0.08766779894229271
0.9328256468398046 0.6993872895717961 0.31698602665681064
0.9450510700109166 0.06622760433688513 0.2574288908876978
0.07299964643145462 0.4263042580299481 0.2018967725432862
0.39664663519413834 0.7048599115494352 0.8873533417252499
0.5005177947605222 0.8185315489586601 0.3612545127497995
0.8586861730000401 0.5150341755872584 0.7024154768971624
0.1746899184029187 0.5845118105654407 0.3017770577990323
0.8128513943589164 0.534340747841153 0.4995873041932324
0.7733252044833073 0.5490306725534498 0.3337580124939149
0.1309328604345955 0.6245059904834612 0.9253462191293278
0.8423388566528607 0.06974978531747122 0.3252852050291277
0.0017063741999860937 0.674697198426907 0.6382801166744566
0.7579087748535257 0.14827392932422656 0.2170336920016357
0.43277237855971706 0.7367248559326753 0.2071190027274683
0.822836925645994 0.38120108795455365 0.874285779261748
0.960024664402363 0.5374877201903263 0.9210673593322503
0.4220368662398568 0.6852700902353918 0.8469088461355628
0.8387677858221511 0.09286882552760667 0.2603157630415286
0.41025802046110393 0.8578243595729985 0.2767425293162503
0.11373891459151042 0.3753484507964998 0.21388582361821773
0.7162366348291398 0.5875095158691588 0.052498954158468725
0.8774303781577201 0.44055508995426507 0.7768870405145091
0.16532070473240057 0.3079171627942351 0.07332629323159812
0.3949907220782418 0.42891036601263643 0.6827962907228684
0.4795878543375367 0.40051186552948925 0.4779619809775836
0.2812604054175517 0.36952543746848865 0.6004937465971849
0.20606798059479603 0.5188643261507528 0.929672685027304
0.45741745683388324 0.6683105116667378 0.659843191715288
0.8013451680214587 0.72555037936488 0.6607070326757426
0.10371082296156531 0.3666337502674558 0.7940603902624188
0.06519273606004916 0.140017657639388 0.9053601689290057
0.5880174661560316 0.9801687624222534 0.7535802629064867
0.9956779501561271 0.2986194989199198 0.6860565139581868
0.33058674307802494 0.9459701027837982 0.29378132941223756
0.19456632814676655 0.8142843600330181 0.27903465980652375
0.5340336612879176 0.6022037133872586 0.3396342434754338
0.33423486287865234 0.32106118245445525 0.26750379864093876
0.7596723476594016 0.5892297370920557 0.5482450583548587
0.8241385165248288 0.2571506080916056 0.13708330594430362
0.028379070718151822 0.037353952710616034 0.9906762245601041
0.9738146901779593 0.666599759122798 0.9906604238823697
0.5156525027411268 0.43455539575769053 0.5152842321063046
0.0689968455140697 0.7595807906796767 0.3051615227865051
0.6980804464635962 0.9095026968405713 0.2195990931074855
0.5043762779449856 0.6531418033725553 0.8109583259981676
0.6827514215189925 0.3310913731348415 0.5641798319638229
0.1625342926232617 0.4994160285960556 0.9400480737966925
0.9501826986053399 0.13993868140764443 0.5323137836354301
0.6198618119078443 0.14553190418628326 0.9489909622021919
0.24328573561205935 0.1642501049788817 0.5064316299143288
0.5050036064635829 0.7734483733263157 0.8531773152859777
0.326503166026786 0.7082273066030744 0.5617224169237225
0.5350812271995034 0.5991991597730171 0.44633775979940926
0.3717037295452331 0.9297231835805264 0.7628990548888642
0.6758695200711056 0.8863110992657115 0.604042251497186
0.07090205933271287 0.2279230104629325 0.8030202850564597
0.34618632450534537 0.939619843075126 0.6890522969448506
0.379786749108011 0.49278592301316826 0.05244756512223936
0.4480756432264197 0.08017791679759956 0.2931640477955114
0.9292915116273228 0.14789399866873065 0.6769173499576406
0.6507889124902234 0.6930677293557751 0.7944700794652206
0.864256141615212 0.35660869323785926 0.37141155760736033
0.17404943015176322 0.6394244880811022 0.2122707201192704
0.19644951697371693 0.9900923118379258 0.6204216744570211
0.7306470434476072 0.5018555817777155 0.1325004225542018
0.9101820979619671 0.6512464042247909 0.04950931622445931
0.913988170026806 0.4680477258678539 0.5977597365455833
0.37179231113498634 0.3966542214766213 0.7784075093855664
0.23417011860959402 0.008745110774384779 0.3127493603753806
0.9853725974708718 0.12047353047299003 0.5999055805460092
0.8650770054650282 0.5339886886707598 0.59356522835349
0.5371963544480434 0.3222368157872887 0.3628551724423974
0.9266069700784881 0.7121430687224548 0.6426836041831554
0.4568679183105764 0.9109721345395123 0.876836046600565
0.9671488849270804 0.5435582451199706 0.40860992848148847
0.19172149482171597 0.27340328569685535 0.8677021617214062
0.1742466192980301 0.945959312779991 0.5863581136876328
0.8470586345300946 0.5301209202867813 0.7547609403637685
0.587207373090883 0.8280736094727759 0.5143342721855443
0.7242078984559296 0.8035059849621691 0.37302954210508965
0.10258382345376171 0.6750024820050281 0.8502792447919707
0.8340532524888558 0.12704253275763078 0.7844155093234709
0.4881053723153571 0.5463551100918587 0.13183867043041952
0.7696514968268633 0.23897272342349563 0.6985023623024105
0.3353079288615486 0.956611896258508 0.7115023547574234
0.3549770892074753 0.5480485771139187 0.18834670339173143
0.47292446848559455 0.9311340277999263 0.9290215705758647
0.3195430483356907 0.4415809431545962 0.5248704933218673
0.5391696081492233 0.9895920415461077 0.08587229308528133
0.19746010136460634 0.6077045716141891 0.33589283505568746
0.3777553608379741 0.6949131483398894 0.199594954137308
0.029381932006439127 0.9708305795619522 0.31603671313914794
0.09975037012430676 0.05568992202538603 0.6796457861390139
0.4239935451983131 0.3399557345205959 0.979684022012074
0.929596285773352 0.7147713793571463 0.9025336405654067
0.16626346391252145 0.9724287196588562 0.008851776190800242
0.5965995907361062 0.9214747345723373 0.9098749520625241
0.7038227268801873 0.9260150854041772 0.6093798894348853
0.1560840371327744 0.9207622323786137 0.1942979142821678
0.45294828419985445 0.4450296492688718 0.5018423859329986
0.33639666082787933 0.2687583477045947 0.8889116677274447
0.39177734598264335 0.6855585096362641 0.4935494163270612
0.24769106382856143 0.2862031620577271 0.9701953095489171
0.9039031148764954 0.1576296317163257 0.2325579566978364
0.9589520435420135 0.9214968158467663 0.35384767970573383
0.5438500285615716 0.43009759424612415 0.4442691059723931
0.5498786449757813 0.7799050366072715 0.7182024634234199
0.7174416040113839 0.07081493598518485 0.24439959843730552
0.6464594779992874 0.7137197471065294 0.4854514478125008
0.7795098705788651 0.9566563758067148 0.6924931504035324
0.8323985450949843 0.32727485123976296 0.8174644598316574
0.5183725316222804 0.8056482572812261 0.6822734926957139
0.3027385160880486 0.7700904088178042 0.7996824148607594
0.5010650841935518 0.14280346890439977 0.37544793954690425
0.17706388628137526 0.13694798145983167 0.3013809181286585
0.4884939308512879 0.8012150253046723 0.601087481778529
0.2670267959539461 0.9168776704380605 0.9492696779292712
0.859817853143562 0.4720016068128764 0.8718822994490795
0.167508371665549 0.7919885772410453 0.23028505923134335
0.2497506123330493 0.06681626488752579 0.8255569797469022
0.8158017816362514 0.830508433096534 0.5613888075514656
0.14487123473746488 0.3940661846310618 0.21786780805203487
0.5604376012266448 0.14617660582833325 0.21205850200813903
0.724362043129719 0.6181105033544306 0.6795927509803347
0.5184361707760895 0.34628353925182875 0.19130829454310638
0.2236474144673294 0.5533603654547542 0.01765623597218846
0.36317100984349693 0.4402677732438318 0.6824989301208209
0.0110705749269977 0.4223496727406294 0.42172042527534426
0.9430441850018226 0.6484843759454824 0.5185364056327332
0.7570479928467997 0.7716854779137813 0.780384016930683
0.5636235735180172 0.3054766838912545 0.5908043609340922
0.0201897493905 0.6982046855000986 0.12341539504918553
0.9694899875843277 0.5719811235094897 0.7592428493863296
0.39522442533941216 0.2093800011433773 0.43131373369420756
0.11152307657708382 0.41261849685004726 0.8567408932306207
0.6095774104621675 0.9125135003463087 0.7209452492629408
0.7868537319492106 0.7477378156630106 0.2295672059333238
0.06326936567311692 0.3799296247439945 0.1270107497888382
0.6748421155050275 0.02876831848236905 0.5084143956001275
0.8005802428325227 0.7300044336745367 0.017684675109961967
0.04518380322724902 0.946891974517918 0.030420874860244584
0.7541719324018353 0.88307434456488 0.2306997243467842
0.6226473710684235 0.5760969226195255 0.8929990030423042
0.2433948401036723 0.4589723883201632 0.2633482155295638
0.4174312997140561 0.7415494271495843 0.5222372330260469
0.0095353492408069 0.2921326818615151 0.6544920826410646
0.9546890007588287 0.594751076438261 0.912778133046193
0.7005117761530414 0.6525184535037922 0.6289396266539716
0.6061032973207813 0.920496523514758 0.42478606225873017
0.43475165699997864 0.339054022875829 0.2868250822231797
0.09404329922096699 0.8886649614570272 0.8333008853865872
0.7340698720439484 0.5698523737229613 0.33540790515911567
0.527471301765135 0.6015825572461778 0.6584049150447872
0.4083156209134272 0.4422188440287306 0.18267878447361896
0.10664742853834319 0.9009445422705774 0.3312134642286392
0.5876393505792866 0.9736359829908658 0.19011862319210637
0.5177131526189416 0.39639391816988945 0.3179435111261061
0.5128709683224871 0.6375703055829179 0.9464149107967748
0.6415760118088292 0.33035092027185264 0.7261089148670853
0.6138932293796989 0.26208153998900396 0.8702981752917146
0.07634726214212684 0.9121191099488895 0.450659504385855
0.6112573585039373 0.01051129663699879 0.03634012932090602
0.6101881356261412 0.10791686777803788 0.6641842830621955
0.7009335201347747 0.17910016269381202 0.5733982551209326
0.2668424286116251 0.8305786898243752 0.7542579589750992
0.8203003212813905 0.31042995734635015 0.9375219093339507
0.032288846838640084 0.5728203478742773 0.33740658957697733
0.5425153400207278 0.7388805688360214 0.08788293986467888
0.7705550360962145 0.9356962077202002 0.7759645380062407
0.01681993952620131 0.0841294603639906 0.8423558868289397
0.5575785607911106 0.3454474480378029 0.6805781023951223
0.8159726219712029 0.6096880344625663 0.018050330809324944
0.4557124457327404 0.21809914021719512 0.34842826908610625
0.3346853655038632 0.3882555988062927 0.69545234810587
0.031239279577523815 0.13365112581227145 0.3583236016740744
0.7446543062175113 0.09643012331217549 0.2662466285279854
0.15853372239774788 0.6185597504654807 0.5602271751599506
0.49373946039568717 0.08221565561845279 0.7892650883519209
0.750963966812146 0.6741555806999812 0.8387993202949273
0.42047429766183686 0.31487243020518785 0.5417121661152742
0.6245018158771557 0.5744831728135029 0.7086303042127726
0.17122839856904482 0.4325372628942846 0.4995538417635813
0.13965197190159895 0.5008807902502822 0.47606821147007794
0.5757152839420789 0.30518124677220504 0.2768697608988542
0.14291043101086354 0.13143976743342778 0.9933335758424895
0.6631429334732383 0.99252803480768 0.26122681510928647
0.3114842940038747 0.29528869813445524 0.15498213174535413
0.6326276330717336 0.9643870423744398 0.45545633925911666
0.26139552458774196 0.3687024479104628 0.049784011448027354
0.34778660265730343 0.7880545093162782 0.7038243397141632
0.0087725557899887 0.037447290102236686 0.6138467588017014
0.18951028940001924 0.8250327533333768 0.9737373693871371
0.6521867728441003 0.6763417249845671 0.8024069836903883
0.3162263482565122 0.9252704349241536 0.9082050873670564
0.4156587069691825 0.9358060727780322 0.44559419639048004
0.5189950395838209 0.9576739192286606 0.6317311645767333
0.3345182110142617 0.19497746817202366 0.9484391284585596
0.31530846725993256 0.40298196392194474 0.36509412053676105
0.4270804248487633 0.38879600035878414 0.9415501759095275
0.6748053750530599 0.25693756873105145 0.9323161092205331
0.6075640631430124 0.45429279333611416 0.3589511752196102
0.5084271333215404 0.9365338300446695 0.18307001190048666
0.37707002884139795 0.45423143793538034 0.9183988394765453
0.8339674611123865 0.7794429578082288 0.13262910572473363
0.37554986256709133 0.9252638024987598 0.4110478530098576
0.6091306799476214 0.254082718665568 0.32651054527795675
0.4420048809700444 0.3137780419841537 0.6625797981311894
0.6254007499340251 0.8104303417041719 0.7203729810087701
0.5601324606754917 0.17628788504309512 0.44952952310745664
0.7595863884442502 0.4506553343750046 0.1640904808251159
0.45569229765689534 0.49026252981348806 0.6653246186022641
0.8452164608824753 0.058003698583885654 0.3009750973519476
0.21189127399762964 0.13264745780229692 0.937785168133729
0.5792614971934905 0.1893332239441543 0.9768589351032415
0.8702205664631075 0.3728907918542673 0.2914909808387748
0.5794060046868029 0.4357506392481082 0.4696132619107821
0.9440499711165518 0.5758026806913776 0.7658351546337466
0.9598283424300511 0.09598513552047849 0.995287255636835
0.972691227552249 0.8580923978546316 0.11488273067367671
0.14657306659046898 0.12965793255015168 0.47118478544342657
0.8662445031502897 0.8775432524259065 0.021026470372736417
0.7793711274337928 0.20600611816996972 0.31360431297653557
0.2563803986679998 0.9067546258062235 0.4237915775623182
0.9809359595122843 0.2945904555470703 0.3596438128434346
0.23039948242762454 0.31367161905776797 0.20507287005817854
0.30069207870010206 0.7419035464645207 0.5285668922583844
0.9843793560910197 0.5257050878840226 0.7325766928874279
0.2567717875952118 0.9562754169734682 0.684656129526298
0.1850842186608297 0.6085450799827081 0.03946073958627505
0.34285443855725295 0.5131256530328365 0.6111731332614887
0.45467047959704243 0.12300888029736623 0.0810196083622644
0.6615022368342967 0.6352366985189692 0.5194627777857176
0.10573389165551783 0.32368634742796953 0.9242470740774178
0.26837832839696485 0.971943229756178 0.3765953258179109
0.40646947066606987 0.027403366759831016 0.2219536281570902
0.6474819967876123 0.5641609844229045 0.7840114600256589
0.06348649846441645 0.06322314231909665 0.37235047194310467
0.7171632340420743 0.4893632906739871 0.6491090212753812
0.00024384024076062882 0.8228203879247991 0.6193074549473672
0.6735415251562622 0.8645860969227834 0.8061646577609337
0.12037486869756675 0.27788909156841146 0.5553646740458275
0.9457962008714941 0.2550819888257445 0.29815061881516036
0.7895346405785071 0.06315089818589814 0.7446984619770501
0.2911292190321162 0.6711092059303246 0.34190941172943645
0.47516900296301834 0.638286918259047 0.03745162827018467
0.4168074767327994 0.8848813423937263 0.7454427023656152
0.21175039714633037 0.725805343686408 0.7854101976193811
0.012251545887896342 0.8995851755988589 0.5306053381242777
0.6406707616938152 0.46874151384627494 0.2724655600873931
0.7335822285328588 0.9999733260006006 0.5852521499302547
0.05420025137431639 0.6034036160054967 0.42214714860761404
0.9507077342892956 0.4470948046860975 0.9891807901506623
0.9011901734888152 0.03880425711423541 0.6274906254954424
0.2624327317515637 0.20977753875546934 0.6062522336819521
0.9093985213621759 0.8045185621628255 0.025884972427135722
0.6476408402835946 0.7325172804077126 0.3380951739976098
0.9256534839800418 0.9776693126088852 0.08049710908708063
0.1163337595036954 0.45205174282494753 0.03164372743554189
0.4032658163067101 0.3970748093313706 0.8219945573492077
0.753078253571238 0.7343725139578686 0.6622611477074957
0.8223972687296006 0.33763708962372585 0.06153040299634338
0.4181921224596403 0.4093111861018449 0.662246094825545
0.4446152268233461 0.969676263050215 0.6719671968530639
0.5111902707741843 0.36294146521499926 0.5059586363513354
0.9502456397798005 0.5732032780552454 0.3268758333356355
0.9622987210632516 0.5661472923040538 0.4875559070047165
0.8606559523325045 0.26845313228905354 0.35946265567395863
0.46790676060816516 0.9715590931881397 0.14472983170654308
0.9599842040991751 0.8691521741933325 0.27420875735912764
0.8553067169429316 0.9083988059650765 0.8843735079137351
0.4554142914935475 0.5791093080409173 0.26862435990755895
0.0892000388964228 0.5785424526887931 0.8364014107481096
0.4784271847333039 0.3225537050090367 0.5308396501598882
0.10114051362476517 0.5394446332370348 0.24716775142611813
0.20874149419490906 0.09598494618155073 0.8106422155905344
0.7703683850635727 0.7172076577725316 0.85494208406912
0.8041409274348162 0.7034846150392597 0.19673464144948527
0.8348331967425715 0.9871844093732173 0.8808817128833774
0.7637476912603481 0.6505165842039389 0.34878105941039717
0.2789266995085563 0.5139475232715311 0.6511253303492527
0.04072447513986688 0.46623321573778576 0.04129794556850752
0.027210624486427082 0.11124776789267432 0.8952943183336416
0.1797446851706601 0.5199271791890027 0.42908563319621196
0.5980743538788068 0.8181296275003478 0.15962479480403124
0.49267432666888455 0.07014392691439397 0.9723799217453626
0.07702085988745444 0.19573701428075674 0.456177339673858
0.4611853256025036 0.11321433252590174 0.6687695793643412
0.39112388858253144 0.9220190033410705 0.28132229515196927
0.07332308903003715 0.9607093127392116 0.034434031840022694
0.5236082934668419 0.307968412678731 0.8751963956834742
0.15193862838625227 0.2585556916760483 0.6893928492759116
0.5308223361141909 0.32467380890900954 0.24212007409214376
0.4461839197784885 0.5291874374481832 0.9346071414863121
0.3990982013065908 0.1180923959863126 0.9125507233951279
0.8110319667176951 0.7085169270855137 0.060866390598868114
0.5787457279783306 0.38738847005383636 0.24533228127325413
0.8982926738930512 0.7521585388810034 0.8091995173891897
0.18981129821182663 0.13495020752271847 0.9346611955994226
0.6916194995745262 0.013960471460522927 0.30167924818626857
0.5225741878549308 0.13002727226621502 0.568516959418914
0.29568688861378534 0.3154662976424718 0.4495636346286318
0.23788198954553252 0.760782064096187 0.5451979628358582
0.43542427937193884 0.13391215823727187 0.31798334545694995
0.1384662575556831 0.8052689019764517 0.33091378468188515
0.17408067158027618 0.20924753778922134 0.2597532013462456
0.3608174225378401 0.8055003693807395 0.6374736865961922
0.2844211325609758 0.9793307379875307 0.5338735535084044
0.0806373235735206 0.39550468816698325 0.3975027456035918
0.2252087011381787 0.8396728631824533 0.35872302835435266
0.25564989570132823 0.1361596776723818 0.13677599605328916
0.965484270832286 0.8594233061813019 0.45697878504608436
0.43557667171906733 0.39343253492529473 0.39185351936711377
0.06978900219801909 0.30761283428998143 0.6030641842819198
0.05462321609862608 0.04604763607678508 0.6983096303231778
0.06800493213575587 0.7178099174727228 0.23023028117334798
0.18628794772279178 0.6964716063790292 0.07652950369557432
0.7513138484550492 0.7535527075874838 0.5834206717505125
0.36678107309503116 0.140133861198243 0.44638213194534193
0.09842156587991124 0.7665995540076791 0.44125311904173403
0.4770863739013008 0.4467073510492393 0.5174147240852541
0.1388031568384971 0.5230558481933215 0.9739525394354624
0.8018641913949679 0.2063660315131386 0.952349586002711
0.5006441978577517 0.23627112518373916 0.8851569743829092
0.12766827900589794 0.3557017979213829 0.0015246047590677936
0.8563510346044559 0.04548370816604941 0.14869265002371224
0.8261458864863193 0.9214398763721203 0.7592939873531079
0.21444549996428308 0.7570802277403016 0.31218758114238643
0.3382642920015092 0.6368730949796125 0.39205659449527475
0.06530911666177242 0.27456357095852535 0.6258565103526268
0.8956786942280641 0.3890178338149186 0.1312408751441847
0.03178277794522988 0.8339692447319524 0.5327748873233944
0.03681118495305058 0.15223703604782002 0.42754043470895364
0.6448418532836193 0.5224629321058538 0.9000676971286854
0.5788918609565074 0.8404718530436041 0.8294406264799897
0.5897832591081196 0.43619630467066095 0.30121905349733147
0.31283533339114045 0.61229068016121 0.7329633140390466
0.7246147959080063 0.17826493889345796 0.5596269498493412
0.35800697354174715 0.44762550363683573 0.9499717941423478
0.9964954650507832 0.5237874304330156 0.9201559754255216
0.4474640855666011 0.607299816111902 0.7644162601212352
0.24773955896848598 0.11762796939650688 0.524146467252103
0.21413881623589592 0.9933351535537074 0.6005191491444193
0.6613868346366376 0.2639268334770676 0.1122016333187068
0.820226243742431 0.9351895407660822 0.37199351111125534
0.09857639858804546 0.8911859352382415 0.3719647892284864
0.3035489457895213 0.7378995425547654 0.4449351409340705
0.11418869804353105 0.28738963310496546 0.640043077442713
0.6194795396777772 0.49962919331905453 0.7593165101120196
0.9353672429113168 0.9411541193397066 0.8570098843948329
0.0537364809178309 0.7002468061054703 0.8439754570839106
0.9479340983534574 0.040991383435193596 0.8460852994105302
0.7250423749909499 0.6363499962291176 0.8556523730075385
0.2259513918589876 0.8875092418497167 0.7035225181549832
0.789491310964461 0.499170736250546 0.882232285488586
0.5899499231595241 0.12087057293193215 0.21123230650333147
0.34419615981934304 0.4286247953022815 0.031856899659226334
0.5417901673025511 0.7495133250572635 0.7799013722723268
0.36942566575285973 0.3983152871482921 0.8502060431776411
0.3190764653635002 0.1819857949768532 0.42052946829796456
0.014937775329434633 0.47681343767540596 0.5172277190349194
0.5755433409230688 0.3423819057870664 0.9508632700942307
0.6515267586787311 0.5420863767485153 0.36233715344781914
0.7241964891996664 0.18353073266944853 0.7721359007071371
0.9410094811537864 0.6895445773784303 0.16094069824710278
0.6992661811245816 0.9610774080301541 0.8834967764247802
0.9371529875024185 0.8236522158211756 0.3436835729722053
0.5920587667686057 0.530465617996388 0.10492879371292163
0.9151463405506053 0.49261849780239064 0.6356612096039463
0.821002397522168 0.4245809855734536 0.788866810417723
0.060957440199338575 0.41144019665502185 0.9818477167999771
0.9750942872655007 0.8373091782773999 0.41406654443237867
0.7001367528755469 0.9441869102629965 0.6598357395403756
0.6029210896772108 0.32905585940125615 0.5292219064104857
0.11165289152977631 0.18499469771574362 0.8036985240976858
0.28666213456287104 0.7769277022012631 0.8465146490059289
0.6995436739161711 0.8011258812201036 0.722009293358467
0.8595991021503688 0.07691833287603922 0.27390421893291217
0.9488899029461094 0.16832876914903827 0.49994874207449524
0.8646621234097548 0.6400750869422976 0.17210210688188998
0.04996189320736988 0.9878199447387285 0.6462753766666017
0.3810301899402079 0.6522209702327632 0.061991148043594735
0.6336931956817339 0.8440352480210502 0.3192454878451849
0.2961148748299556 0.3531234653241102 0.11639139352402217
0.587224815045944 0.6205671291108806 0.5952089831792211
0.6418941929750775 0.42276539365257304 0.4867012595031188
0.042000788885274365 0.458546279534512 0.5871574295667621
0.03412355034243575 0.8100823823112758 0.0708571351263777
0.4407490341939456 0.9607130150940346 0.07306498035324671
0.25644611734622347 0.6519450872864825 0.9001899628759582
0.8775881844676642 0.43658821525911073 0.030126124456410386
0.539430277120137 0.7713937247557007 0.199768195557413
0.8543806711674243 0.29500218230651387 0.8320345904463453
0.663594040080407 0.24157155722337087 0.6243220400926425
0.5473625698522787 0.1570875418894464 0.6873247046530978
0.04895271784520172 0.7972523147364547 0.09810856934518086
0.5722733338351169 0.8810798908776457 0.09999377302917833
0.046307707927230046 0.22642412884399754 0.027800381360757243
0.40825277453452036 0.6772886476741463 0.3293331537458549
0.3452116635076209 0.8217533416572209 0.15174337244145952
0.4632164333114751 0.3488279844745581 0.3522697277214527
0.7071266523325573 0.7814816927851441 0.12216169328859805
0.46243548138760715 0.2665849848102626 0.01705614640644426
0.46394800361767685 0.5148489101757592 0.4398547281700287
0.9608130012578594 0.9784306757574249 0.5547186379340009
0.7407301561518632 0.23526639851057307 0.9764961106819506
0.2759146005394052 0.31074731464410443 0.5007022175639256
0.5840814549873411 0.5108478201617341 0.15668303224555757
0.059677084819718784 0.08970708479224654 0.8595441603462562
0.8147206644882178 0.04181591211791669 0.38230749657741003
0.7791271187086758 0.34703350263387056 0.4998667808826954
0.7154314963427371 0.25670573067698343 0.20544208232628747
0.7770788786397163 0.7869302808521145 0.5398028555198094
0.8302751560664372 0.4983953264340727 0.5406921480330414
0.5048617387312878 0.12068161490190688 0.6779191249016768
0.42114207393513514 0.9735180050401127 0.9612383107749339
0.07787907540114025 0.667732332897815 0.07073061983261142
0.7751686394235037 0.5493467640784612 0.6758149821337449
0.3454676084082313 0.7513266439741343 0.9152444715462034
0.20273297288504466 0.28718707634275553 0.8526355320562814
0.25816984646491703 0.15715185654862007 0.13667108602510913
0.5082255965774288 0.0639495071094196 0.7342585550062644
0.4969485985903479 0.4332390255966757 0.24699494852068027
0.16342423104094583 0.2513489009709695 0.41386022472487105
0.5190928366082012 0.35355122888166 0.508062685580749
0.26386844939569787 0.532337331437676 0.36117034724666597
0.04918242757429192 0.7995764411399746 0.8526318483228477
0.5327144334342945 0.09152637811513731 0.027777311654401893
0.9848910015234752 0.7908470939603734 0.6742111848977643
0.1984155275020998 0.37975355819937395 0.14070632765251934
0.8326793768120075 0.44767380223502384 0.985755236623757
0.49725119114868466 0.42024445612174977 0.27827620936865505
0.7623404170396244 0.623276956231649 0.7941483269327465
0.11936369296391913 0.13911581623643388 0.5030304846739392
0.5279014799972498 0.38994155576441814 0.33588719750078333
0.19553333060606592 0.03466136821551613 0.8221227827666671
0.6419997582662911 0.0936103572308884 0.8775174423066233
0.43741815743526646 0.4193711050961252 0.26624376163040664
0.5800428040107118 0.1779761922496108 0.2909134053513316
0.8491029531931275 0.5264142938877303 0.9107344282861607
0.7791179213527637 0.612166899018551 0.10327404821857777
0.5757469255758375 0.4622714956248952 0.3256474986274078
0.3049696715537449 0.7803595591626411 0.7868800486511743
0.29293881159147295 0.7810949702826177 0.14654084776583154
0.1814392042665739 0.03957991083203227 0.6402664933471086
0.8214943452821551 0.03558421894491559 0.9284363706882658
0.34392933166171114 0.1860791985498611 0.3529796404388146
0.8101026782241729 0.09984095474177623 0.8469804155388547
0.5648125918028238 0.9612286306576062 0.7500062280546669
0.8653683935532087 0.44853152574232125 0.2964880647759389
0.5786622816211049 0.6059503470590701 0.5853838612185654
0.2135494260362868 0.6095672821439755 0.015951432283799805
0.13359131767203614 0.5005269487428199 0.4333638494875245
0.00022140521846880645 0.5930731110952875 0.9462216418479913
0.20789156189317626 0.6527113601417643 0.3347168224639875
0.6407607066846263 0.8571199144047551 0.8615457319640715
0.6381877039087038 0.4137769563053151 0.4607483481660344
0.7687137875476576 0.06415768485801976 0.6406426276129638
0.6317468740618074 0.11301956574954686 0.7093515288798328
0.2625566990305336 0.902920352472811 0.8349791462876237
0.4604064057213689 0.7203748976774123 0.5361059702988423
0.6528620264431528 0.6503803485858857 0.6826676656839208
0.86735960291701 0.9517931800247632 0.9977717128079227
0.5023840793484534 0.025568923476967265 0.37156785328163877
0.043902635721778216 0.46375110391779883 0.5072464443887484
0.01257065540297786 0.043952205217173135 0.7584090194635402
0.3719260670543574 0.2093798233851505 0.9393960906144291
0.3125038344929628 0.14860723199258852 0.05887971431220984
0.09459150984684972 0.22768353763934057 0.27779045171508165
0.9847421482182418 0.16838402903495842 0.28371804966200465
0.01885776562129593 0.9003134868981634 0.8428389360801931
0.12877625386260771 0.6914036130220085 0.488146102158719
0.8518385441951258 0.8012646026094797 0.9467532609012503
0.4630763263088129 0.3329449459975097 0.5709265674181472
0.6464516384177639 0.19673114761481336 0.32679305660280455
0.6425648114482801 0.15216461793623215 0.7109909307655753
0.4738894806569788 0.5231609664779183 0.29055058180120197
0.39839825093386805 0.15210487170045117 0.5688977507406209
0.9291066437817387 0.2834795239719746 0.581438913483038
0.4104942991622067 0.6650743700323138 0.7189429420869339
0.41779493536238776 0.5833869666692382 0.2726565340605812
0.34099712499074597 0.6795424666489149 0.2375507216809185
0.3372600546115505 0.19673833625932668 0.2030816620964082
0.5712995214714052 0.067901207280337 0.9318419019167761
0.8602497489495816 0.8643307582898289 0.570717345853584
0.8162375019430186 0.07289783393998717 0.9456655819512637
0.24720698168985322 0.017044498110807993 0.9119295895653264
0.3176066528894652 0.9431465650934128 0.8886952058989842
0.8593226801070213 0.8028496990657246 0.575683598449776
0.1042117303006852 0.6801985334483236 0.2925017258899646
0.9598348202996383 0.3669738252025124 0.15089205333214784
0.8031167187630972 0.3224254619092227 0.12659742843544264
0.6885294485562488 0.3729705695651385 0.31698828124837375
0.37369480564517454 0.40243780035214016 0.9414370336952994
0.049738030076604045 0.9034906371029974 0.9622341463759474
0.52089698541006 0.9690057159213991 0.8862907645353525
0.10567113103311787 0.6957685533059589 0.1488066317005453
0.5230652648223901 0.5142475493506936 0.1625787040223473
0.44615326283375456 0.5046471255774982 0.2961117530641568
0.009267709538273161 0.9908680334056779 0.3671548617936191
0.9748358041986315 0.10426179199933105 0.5334445224354324
0.9648396200857664 0.5577251418823357 0.3791688751246711
0.05157766673803299 0.4439790584716059 0.0009841696306438497
0.9792095638507312 0.20305274864282274 0.38560645456283515
0.4195323669128487 0.08193205341420429 0.9564133572761008
0.7461574606741134 0.7942671470924115 0.8807852321440556
0.31034907592675476 0.5617463369238792 0.9833654179516719
0.5280175690502598 0.5402262329598476 0.41550474392238734
0.7749523756792975 0.13473428863618364 0.36832592066222647
0.32853078060668084 0.1545801320651088 0.5483470802891259
0.15118154311036325 0.7078667555556207 0.8968846528262693
0.5643416123215926 0.98390538424215 0.10294851823761197
0.6400056481668921 0.4701065612363571 0.7753554446284174
0.5567936430946149 0.45464870775643695 0.3083063787525391
0.7756568662550308 0.7935933065897822 0.5812718690610262
0.9515650587849986 0.8391282354963499 0.3168849018903961
0.771752283018523 0.0844662518807161 0.6347422150971312
0.8664164563174961 0.43226218043993514 0.2840258970702657
0.6399610942199334 0.2602423503609589 0.8711283691115755
0.8677332006367471 0.7571507257566377 0.8305332626093024
0.45185873009957056 0.5198739008245978 0.9086503445573446
0.826226966777793 0.33133234328736094 0.29071385929593696
0.9033038714787821 0.14333894250183454 0.7785960383410865
0.20423057257725796 0.690684918601302 0.057584322993963544
0.7637360355710623 0.3824740996443886 0.9564647030932967
0.5953541129937735 0.9913535613546355 0.619426547432485
0.709250598061846 0.7784795275068033 0.31551607089068
0.4572761105558244 0.24499561939229753 0.5069419383850893
0.010508858818230493 0.3514553268649109 0.908815153529645
0.7242518545147112 0.9275088229073849 0.8449209007769118
0.937993541355792 0.5433883006586492 0.3848168964019708
0.08846786741847013 0.19539307371613202 0.6797132580114177
0.8107822445182805 0.8531382968934442 0.9488380257058868
0.6367894136922976 0.6923654063919192 0.045976493078155434
0.4368146680888705 0.6937106934645201 0.48334535093853015
0.24536730818557195 0.09149019265873615 0.14287491731725976
0.8413298914340117 0.3736148940544446 0.7440929601445636
0.58730233313701 0.722958785574627 0.9680032034319392
0.3772009024793145 0.9464259990569177 0.10273192439953238
0.7012765199497775 0.6873980685438986 0.30896643954151803
0.6441165160224611 0.6256048617797938 0.5910054746561495
0.9510278448995241 0.6418935655405718 0.04539926932073701
0.10859922411458856 0.17827580398064746 0.22001837678408775
0.36187207829207224 0.5556247665898566 0.7794523488055316
0.07599171646068925 0.5483128513201654 0.9161310071806565
0.5018032947605561 0.6884413999120276 0.8196518816635281
0.0481248010955031 0.530533966409981 0.8883669747201585
0.5867530280484373 0.36679799721134576 0.7374575199613546
0.7835869553023195 0.02324928260848358 0.2616251066858747
0.7713080032757486 0.04527365619834112 0.5788376317157806
0.9048387022174734 0.7780174113983926 0.5516979033307557
0.5892188226490471 0.4716407890299982 0.015824907255666765
0.5932510400036675 0.11350086948537064 0.7587065743717639
0.9110008348850046 0.8713577407899268 0.8995054320635525
0.2718199980274637 0.6354632524933722 0.6352847822089931
0.6961534262429506 0.02101861783035286 0.027847583846871693
0.2148971680611066 0.30888311594975193 0.5209949031757656
0.4146128135767343 0.15339187590802428 0.9791943661353889
0.13490541307344095 0.38307273688509824 0.42893050929815546
0.2492864190567715 0.4133006332008913 0.5542344357123474
0.7440370950292902 0.8707633731100636 0.13242197890186969
0.2106971874767979 0.2585415936130617 0.6381812549734314
0.7278674619599688 0.7585767957704134 0.048218323266903784
0.5741514633314545 0.7901124146053694 0.39516652898805693
0.2639147859006503 0.9831909914617232 0.26757410674507687
0.29773779859061555 0.25726328945655697 0.6335766216798484
0.009266449010294275 0.5192412815637033 0.8330141843894828
0.08045733719789783 0.6660289843397691 0.4460217608898287
0.9418413614297162 0.777398884725962 0.8706319260749265
0.9424830923344536 0.5939175119661543 0.16723492439336163
0.3312586033277022 0.39388753943858135 0.6038657588822255
0.1984945822692583 0.9183737023838933 0.8743874081850933
0.8941582978708541 0.6155553982985738 0.8854995750221509
0.659280790411546 0.40697775538841574 0.19843301424691717
0.8632839072501435 0.0401889533685853 0.9181510446335945
0.7989233650788016 0.5929568195814374 0.4945675916152913
0.6753014245464204 0.37813715677145354 0.24171486129543496
0.3695211139453918 0.25525626628942355 0.44338319664160075
0.7040629945958146 0.08963335945704842 0.42860689195794255
0.42602132396695935 0.3041346322428381 0.5603951203685901
0.4745704040573202 0.7489798412007631 0.9377882275503251
0.9053320744610488 0.40775102123999263 0.36018871014967235
0.5151436722813314 0.40817454508719964 0.39427540246853476
0.28532951355433056 0.6446952173845681 0.16657553820127324
0.5444670669617759 0.7789546372239647 0.2674976877904329
0.22325836720107894 0.0707814836307682 0.09448652388803547
0.8926307890664364 0.6785257774424174 0.03621463204302211
0.9624063138580182 0.43921991964335794 0.013150941181943265
0.8402316312800185 0.0477881721790856 0.8578111984647374
0.4568388138986662 0.9106558847875914 0.8016669796355178
0.5764747096824285 0.9836536750194802 0.8940208592099029
0.576416680526436 0.04741201485276758 0.6705447150883997
0.1523225195120652 0.10067329500886912 0.3005910629176506
0.7779479642387964 0.8295448286905377 0.37725372131398516
0.7444696400376842 0.9161285060472184 0.6866612583061024
0.9699333722243402 0.2762808015680909 0.7388771369431866
0.44309395942664875 0.37522465835247654 0.43693039194335903
0.43861417526353796 0.007481811661661064 0.8020707805529859
0.4685020933790176 0.03327109900448166 0.1549864494557297
0.7911019967449816 0.1689725913551834 0.805573287752016
0.8917342384579184 0.3153986055301381 0.09547504416809671
0.5335268409411282 0.7869611501094155 0.5658082320537529
0.8619235102510722 0.7355520525416869 0.45194036190298614
0.06102217912791463 0.3474911874430622 0.48341517112773547
0.05283592882241184 0.15646176075427087 0.8899979043523722
0.14843589161574744 0.7738281527109501 0.8042310914218558
0.9388633118384336 0.881103484868645 0.1795598732110102
0.05902959890592252 0.39329404322276174 0.8868251857524144
0.4452302214941338 0.47144539619638837 0.5715436604544859
0.44866125190475725 0.6371387668455502 0.87544512760237
0.10651502792750078 0.7347087104910626 0.8540469553774
0.7026724055083906 0.9611676644574532 0.3571039798583069
0.9395261234862909 0.6325676492205424 0.8699476699414894
0.18081254926276213 0.1488818959176219 0.06391829206248434
0.4944930997869762 0.4298008767373086 0.10917592716906355
0.9211456062060326 0.5780601771050122 0.21646559314735203
0.2150667535788784 0.31083748802304445 0.17499623306189938
0.31217684119212064 0.6626553399701195 0.046418766561206914
0.25629334640434653 0.21174036710362276 0.9348633750614498
0.7599975514975834 0.968934210860787 0.5756558655393796
0.37385206764728585 0.7635067944469632 0.650369610979349
0.5559426178286713 0.8299103838712891 0.22753261558095905
0.5877034867477504 0.8200778314903525 0.4566827105484924
0.6009651402795565 0.027397636786242963 0.8031556900322706
0.5820387079527689 0.35694965897213693 0.9791101513530183
0.5890508493322291 0.6787142006145699 0.5094943973772974
0.6147385116437961 0.7004632622168127 0.779862196687634
0.5945018892438305 0.5861724187430266 0.4752913407644159
0.8828859838966194 0.9463154835825369 0.796323654419588
0.41355318716251366 0.9800591465192431 0.13337588653618104
0.12260376369026194 0.31631016865831985 0.35936626104818936
0.8223044541564082 0.4102689093439118 0.9610586665589205
0.8355766234863429 0.018819013117969075 0.30615454204094994
0.5383737046551986 0.4146034434862158 0.6155055691901605
0.6477850131342445 0.7172334761829925 0.19990260754770406
0.9776526382973688 0.04155661096719632 0.6937531448691237
0.5346818150898527 0.6207965742873671 0.9683791291598128
0.15161481400761667 0.8559162451815819 0.010822041128516036
0.7942574578673502 0.49770852603172167 0.48134280811218044
0.06842241730725285 0.5842220136932478 0.5316880539449367
0.6708441943853335 0.713254881414932 0.45130509850637546
0.29875237757282325 0.4975705297679298 0.48059829200915505
0.03766403408042396 0.6455884470707078 0.36082966401660377
0.8240258014480835 0.950201601638286 0.07914324698501873
0.37807620842086587 0.7667122550353823 0.5436160693885078
0.9634639650724652 0.9372353477417362 0.5393497231150497
0.3283614949427647 0.35925764143910666 0.512540538260528
0.5796784522912406 0.8142116782181023 0.5158388893623618
0.5934669405888753 0.4646100528933339 0.37923913568720136
0.4434226832142043 0.9217308312032019 0.66956312864528
0.09816587803870203 0.041521213862879325 0.9360922149334515
0.5019870862014161 0.5872142815418926 0.3418211782109185
0.17822264025298407 0.47779001512241004 0.58469165325387
0.9937798078443881 0.1613479656953074 0.24716077555877503
0.8366648093906949 0.9376712596343653 0.4913500303202447
0.7922547208943352 0.8650047785948419 0.3017121416025458
0.5967063874713657 0.5165968748283724 0.24555266934272635
0.2870618484060544 0.5851532390899513 0.5379965727254978
0.9453678691187344 0.5573944847368931 0.24637995283069902
0.6086901422005759 0.5405402137305069 0.9231479023259033
0.22687318946709834 0.9969442197094073 0.6241331373705604
0.15358004071578257 0.5731671758968415 0.6099734340714961
0.68036382475956 0.379327160691461 0.5322833161210582
0.10157657404583731 0.281236581370348 0.5520278979676314
0.35661097079338566 0.3172609557034187 0.7388552899458263
0.26880263876450905 0.9112513467156794 0.2898998318134153
0.5254344617236907 0.4134623605772558 0.13367214458981957
0.8543124007258602 0.8884812337057129 0.29832939745036335
0.7947478809911919 0.5837117725910888 0.5508372446245018
0.7885718779319706 0.6112596524045079 0.5161380349077943
0.1401586344312412 0.19594627937314368 0.2050655672864169
0.20985344444261378 0.3132928759508278 0.02463698657172153
0.5739898791368572 0.9404678177515085 0.26416392533574784
0.6048227743391434 0.6590772777773161 0.2816337116192159
0.893569542291081 0.9952592219045939 0.3697472099934601
0.4915021676278636 0.10839603967036127 0.22973649856989253
0.470965287213829 0.8380804519733877 0.13709668747556714
0.030688789834337094 0.8260606780929174 0.5671641996166016
0.756906187309702 0.43184836414814964 0.09163533565219384
0.28005679865933464 0.09654777519069213 0.7339148139661769
0.7833579546928982 0.8729730560928098 0.21785708401455106
0.7732033066019738 0.13175452070717963 0.8530071334135554
0.21367915251288627 0.5719253539495757 0.5464781347088357
0.990372840930122 0.3482734442419547 0.6664591940976856
0.4488120271405982 0.04935008026815757 0.9720885220078603
0.42861906440327424 0.17061300836695148 0.6755655081680555
0.7816276751013295 0.29005262736116855 0.03279839324835887
0.026347800687457235 0.31310757912566844 0.5400678001031929
0.6437153737873875 0.16544997333305167 0.017465576913900827
0.44491313194977855 0.6776252730529193 0.25751835740769724
0.9045375164013683 0.07457271922578701 0.44191568402333536
0.26985204316043476 0.16261032339992876 0.41443698935233486
0.07189443567695564 0.714730795499494 0.1502451651393245
0.27429489858451284 0.731268294511037 0.9867619164034204
0.46898734161402256 0.13504589599368544 0.8966271035833111
0.9260876325337143 0.949769508749323 0.06758368764111478
0.2988302696210212 0.7645958200956999 0.9110968330240757
0.13201889391745547 0.5845894585556657 0.4029873488390693
0.3043061479172129 0.4292618328862299 0.2488618683096815
0.0739182103339634 0.7786200992108367 0.8546475997114535
0.9068230392148731 0.8467902807992899 0.8208436754655946
0.680960539995404 0.8711125400201892 0.5448209213732956
0.758790006712034 0.653090165804437 0.5269539257949791
0.25289745698130284 0.1509148419023365 0.524091008953944
0.2930708914460304 0.588646418670724 0.5098003579620368
0.9102712951312447 0.06120393174739702 0.9541409337988928
0.6056470017701583 0.38193519312048496 0.5659645426552242
0.5888854768679707 0.14229016274690798 0.6537169812053237
0.6187377190918245 0.06525941401218338 0.1640784284673107
0.8618516944457352 0.9877929909717074 0.8027711841848106
0.7804103621158206 0.3650489432356452 0.4715362216763188
0.7178935949157232 0.37002466987551963 0.3500072784929473
0.5372775017219298 0.9810263293050232 0.6374139509972191
0.10329343787590217 0.7945114091373277 0.9774207582092816
0.5784382066579824 0.1884188612773794 0.7502221102243908
0.08740904448300357 0.9618378797330518 0.2505280454092983
0.3010485484419957 0.7215377138300901 0.6558238443544986
0.6790009361927889 0.19510863458055727 0.04003038669205872
0.49389058153737964 0.6293625501116252 0.13616323020307008
0.7015832548138887 0.7788608221466078 0.28971105242691575
0.9352209455813875 0.6464632331718991 0.9237255721076235
0.48707194368703566 0.818463548411348 0.02703438998578178
0.41845664462987586 0.5323454309609402 0.5785100591781326
0.7659366805401597 0.1574850302009515 0.09655993744538671
0.32513514408749333 0.5201441914412304 0.43335260203416637
0.954477474178316 0.850643796749106 0.6052599956950492
0.6414376660293658 0.5508954062347895 0.8140262811677128
0.7811862422803874 0.42654385257107785 0.5700811299846097
0.9954266959941614 0.40787713765757394 0.1518535431914908
0.9250481377575355 0.2787202587976575 0.2448221914709151
0.43672103450081223 0.7772047326346319 0.2473039290510426
0.6298028974724462 0.010309772027132458 0.4579853778901819
0.5250906362388067 0.045054187324692685 0.20580595252988354
0.4602196343287026 0.6339610327133531 0.6488789063755928
0.7657802724119908 0.7983225377158104 0.43136892273798155
0.9405826929843184 0.24996166044169088 0.379474508336758
0.24695153988090168 0.9541355272772519 0.3248693390366528
0.6840148554038538 0.3216543673144092 0.8046763196356446
0.772223213168343 0.674245835332828 0.707800316187828
0.6189761317183067 0.4594229351066139 0.4273568507062896
0.0754522775058476 0.26038332339492265 0.4483545183360731
0.7899620363088585 0.8593490215150874 0.02286436642024192
0.285696346119762 0.9744845070795365 0.5508111149582754
0.0849467868081002 0.5746914063681196 0.3805490063197329
0.049726244320334234 0.14363736189013598 0.7521492459126948
0.40563655706862856 0.33481586511795225 0.6128127086795963
0.41653392450817106 0.11833284219408713 0.5374526087406649
0.48282907774439876 0.15577766981912833 0.3552451088868557
0.41952068949815025 0.2563810849039432 0.5314156911133336
0.9631390141700756 0.10571558445852935 0.6250033278824482
0.8432782390778047 0.36506384760875343 0.37518988225407257
0.9595666522970581 0.7612594544621788 0.30746362714283537
0.48368629819302433 0.17228227146660136 0.2123241914727656
0.2986286758200598 0.900685466147923 0.5737491300122749
0.745825939522192 0.21955456204103807 0.11575014191843735
0.21740456671946584 0.8834819005235924 0.5828774391847814
0.6319217610583715 0.4489073501263149 0.6108539365896241
0.4953485410942364 0.7411935378457339 0.3002172953313047
0.6186098451934603 0.8206161566969032 0.814439676949866
0.10681423497092524 0.8642062697790334 0.1379281396571469
0.7990271115833213 0.7128975193373728 0.5371095329154609
0.8038899421468152 0.9868389404746111 0.22018862630817393
0.959133040833939 0.8661630558447567 0.7431195413433512
0.33169296942847315 0.5027340841388921 0.6227402551493569
0.12664040273230126 0.6695293935182659 0.5691640597610469
0.7143386243891183 0.8231248593142512 0.5241942096555532
0.5226065765882453 0.007670299822748583 0.7021747094915531
0.5718686380831733 0.05107166933070406 0.2472515251356483
0.31067898733541843 0.46729094069062416 0.3588052091935371
0.46495640542896766 0.06334677823158852 0.9895976448208461
0.6821589617415295 0.6609393315104283 0.8720620462641463
0.3857467651639571 0.5348469314219765 0.14593677051306442
0.7726491872877674 0.8966371255686487 0.9789577630571028
0.4024204970841423 0.3605794300325501 0.7713912636251965
0.9810947635950813 0.47732109679133516 0.49831276875959374
0.9993946856836765 0.9989164402532598 0.7479505538792793
0.2940138086298787 0.9508162523512887 0.3081191415219814
0.592125622336833 0.2267985420922335 0.16547237444599483
0.9787804308292035 0.6949847648832012 0.9590526188931383
0.6307501971487861 0.613134769924883 0.8490252118911932
0.18464595397069217 0.6380968576163927 0.16929638178292838
0.6388208864877407 0.8711496783947155 0.5392247284284718
0.9945874217027891 0.08929251692262752 0.9700994547318681
0.3409038180994055 0.28853094786668876 0.17169666657090477
0.0743442227304425 0.7829964120136462 0.8220998087404392
0.0038056724252312213 0.2138822085392914 0.5436850684924714
0.6067924084348544 0.5180078364949733 0.19364247990700423
0.0905161202967888 0.5825605852462583 0.8607187341758058
0.5350662008939128 0.6696619984723245 0.08054399384632982
0.8156140219150544 0.7195730917569152 0.7867054812562334
0.07723230582865204 0.5483597520244647 0.03661582175389577
0.4129991229993859 0.7453357987543487 0.7836903700159805
0.40754634359344166 0.4020922941081626 0.3923971227928337
0.5804087102545396 0.40389869718327576 0.7489203913149297
0.004564831242520495 0.25143432936082266 0.17509086759047876
0.3057395769975211 0.6143761422921944 0.5953703770917157
0.8807979020669959 0.6776829208563238 0.24580682163691425
0.2576043126034151 0.5265553115528243 0.19976212060298537
0.1697819817848879 0.11517948397409594 0.8148073974753341
0.2356294555825903 0.773742105076034 0.943929269935386
0.9635545317207493 0.9497482091497758 0.13466895799905854
0.4819482869539612 0.3139348597825382 0.07136972413489628
0.5898810972444326 0.7532060278206328 0.3479806066734873
0.6186265715483323 0.8738378586640367 0.31669307676923864
0.9548294736982095 0.5541814443701457 0.5584792323317292
0.7616211548851506 0.45692609197059586 0.6800945914921198
0.6832147662510724 0.664400399347149 0.4321373691093522
0.26941735852542026 0.9521407993041114 0.4578150225729374
0.5691821623398836 0.7844251971161709 0.6857878256091261
0.5694290121864699 0.4971303265187115 0.0212291385752561
0.40114540097576756 0.36516845422455324 0.11661802351580852
0.35488035407183505 0.26412469861650323 0.31199009029895897
0.490802189717065 0.7610816460506451 0.9269667523713043
0.2172674558319594 0.8790669826517408 0.7308833726272265
0.37160077255273605 0.3247105241774514 0.17275992044136068
0.0719689129313662 0.062414601494743094 0.5969709833224297
0.7949435825085843 0.4201883396085393 0.9272825644561113
0.6182728201238759 0.9945917414189547 0.6366635274539612
0.2419070864623617 0.17187755139917726 0.872046658023275
0.5625533900030241 0.2559888125011406 0.2606731049923873
0.003228489585991201 0.7060609219339752 0.8621873751229513
0.02313429261791966 0.69018803957613 0.511884077002684
0.6382094114045181 0.6963922585050172 0.9782037609566654
0.3582912063515292 0.7796993416221262 0.4784405455505002
0.7458932675751464 0.013896960989769447 0.31327088658388513
0.9510798481488366 0.8169920310329081 0.11609497138176006
0.13763687712958184 0.49286624437169146 0.5767362834394519
0.3051888415761316 0.49294979989170873 0.8720681477362128
0.12240418462708813 0.7129818827536517 0.7158703301133398
0.5556837916579496 0.25576763348040643 0.49133662530233
0.3103574981043865 0.9084737933295504 0.03031882428726873
0.8288558783900221 0.4327385949412351 0.6052366799278236
0.6372749503254201 0.1910129152706569 0.41851658316120355
0.20004629602729462 0.3079948507911372 0.1266822274565691
0.4719527219025128 0.6273393142222018 0.929012553031531
0.6925100848096477 0.9240432470079528 0.9792891314903222
0.6918414779076721 0.878789909412417 0.66285100839093
0.8331775913623967 0.052309436275569166 0.194433502183342
0.8508753790843057 0.790410509051005 0.9733897502828279
0.12939969346667124 0.7807884541674128 0.9489422016964109
0.5510039457016319 0.36834730934817494 0.884644913704833
0.8456053358733157 0.9594573684277088 0.592205573836429
0.502631607024325 0.3042701151362952 0.09390366898543445
0.09082904322649876 0.5841514490513838 0.00480320023123193
0.002538065009347834 0.7050626879507852 0.6531460577933194
0.9441660489315667 0.0798255735452491 0.8217610975107019
0.8988638049667497 0.08381454678486855 0.4147967947490141
0.9357315449997493 0.37357250205328507 0.15695762946179204
0.008623007469828359 0.1076571562434605 0.6275886079151831
0.11550944568556165 0.7356979880851054 0.5632558412068346
0.15314054938672017 0.15451726420469258 0.2036994801883113
0.2556807821869299 0.013751361741925483 0.6058145505263063
0.5845181191426778 0.5233463704570102 0.38341930078781705
0.8433218016949698 0.24363886159487047 0.344619750249508
0.14074596425179076 0.8533948768171168 0.8517867240357725
0.1580315565264061 0.15950933924677457 0.12262668702606172
0.529848279797771 0.17303334809351223 0.5844391202817913
0.03158028075297148 0.18629142592278403 0.24050492390096567
0.7984919933062451 0.32994771233686027 0.8809665709766007
0.7385885222714789 0.8961232576734983 0.32597826865390056
0.9599250294658888 0.3270891038228686 0.30856661042097855
0.9064726555734045 0.14021949732923622 0.8640370204381256
0.9115286131917875 0.6078551760514529 0.877669967083912
0.9255909059083057 0.6057668186224264 0.36959141229111825
0.6341708894587255 0.5486313944945533 0.1849670481218646
0.7343184505219763 0.435209415716845 0.12256401808479711
0.6148697323616038 0.9142375995411163 0.37863691089969287
0.5402363832242375 0.29300444167415574 0.7275428967805293
0.4766345915953982 0.8629002047211218 0.41141293882769936
0.25055652686063257 0.4673402648441023 0.2297359483033551
0.9256632798407675 0.7829634983860232 0.06975732100413645
0.024393387809230838 0.1036016144526618 0.9465835179520121
0.1515963440949325 0.11412569911597648 0.15314601416131024
0.7123934676777218 0.6446386366452856 0.8878609092603261
0.3860336607613437 0.17228003983054851 0.8045245197474795
0.5831270167239975 0.08275148419851208 0.26570947340879303
0.934962638163945 0.2906321044722786 0.6706500731803418
0.9506304606713869 0.3490749446676601 0.5494763721743411
0.7444987103664596 0.8517180076130347 0.04940888644399988
0.7798636891231122 0.9545151581718547 0.9052983683645582
0.9199338485339791 0.09342670679151643 0.8831086325915986
0.33077351375681485 0.5249969814472433 0.7549566749066583
0.1352360710092314 0.7834293043133842 0.18599355157909137
0.5130667466255351 0.6088629602820134 0.5308180943658772
0.25976863086555624 0.45964569574766756 0.9517829639555069
0.1399162484516432 0.09147230682056118 0.07262805348909596
0.3357903891611185 0.28156174063311434 0.4978677994482945
0.49859505852337227 0.18789192177708625 0.23599556913567887
0.47805145574474806 0.31404276846760737 0.7945100825081817
0.9383345942531784 0.0331483421096751 0.4009671415701618
0.7996052992146161 0.7119588163676536 0.6104659180263412
0.45422329753661306 0.7083631385264194 0.275590737320795
0.6024901711057553 0.7027566690889254 0.1039144468051344
0.3443628289293448 0.7143556294484978 0.860944301034814
0.46529165837670405 0.6786413400373643 0.36457009955690023
0.18697005901903707 0.6889336398998845 0.19591745037109476
0.33592857289618994 0.938483111785242 0.17745209939739448
0.15897664289931668 0.30548616559267194 0.5716873737533894
0.30884165207793335 0.08010093058369383 0.40305931917991056
0.22837828717927489 0.7886626043942869 0.5791344995868484
0.3195988376867944 0.6625085560210556 0.9204670143688156
0.9205691262858563 0.8899399742384325 0.05886517617503417
0.03203080238166656 0.8453290167224441 0.404953138425051
0.41992776918001584 0.4453922166841616 0.8149738074147006
0.9711307859379279 0.8707386218093697 0.6058221419155749
0.5917167370586925 0.9813976023823942 0.46300223880393565
0.2471548048719986 0.40841951327975623 0.7579420377898377
0.0009122187192464049 0.17560770136770987 0.9063271719462784
0.8341382543542556 0.11969943487133594 0.6940133797151611
0.18397658961655083 0.7289217575451127 0.7893797300100208
0.4350179357727544 0.29189946761480623 0.6994621008934753
0.12712466410608803 0.15671056382170723 0.890498731036107
0.7558221030782639 0.8873002662844645 0.10716246826784293
0.7732087355729627 0.9520745440273568 0.6867732680086405
0.9589606425651723 0.9580971760588876 0.822858933086067
0.49419005355761025 0.4204735003254515 0.17105652833077367
0.20154539572869 0.9345590217163907 0.5604798397160516
0.22538833458618357 0.5121244071234652 0.45606202087741476
0.1119348386252853 0.1801134450530536 0.08622643456289858
0.14308128609877213 0.13909609273728152 0.7530308760902146
0.9775201441301171 0.8189346961102602 0.19333516983619936
0.5060397864159678 0.28594772493019616 0.7015839222957297
0.6555136195093851 0.31354450379930665 0.1459423597467019
0.871392002868308 0.09964451268146068 0.6237619900686154
0.21142602224697582 0.6569087070461878 0.4516182956729218
0.4018311786460115 0.1405935662717318 0.5631172788734111
0.40730778120861144 0.4707950707345703 0.01675999183519805
0.9690251576258825 0.1347726122612004 0.7142761133300313
0.41153142374486495 0.9633749343176478 0.5783823548333753
0.08806128430147253 0.3301625852122426 0.09668890325515078
0.001039188102162858 0.4097634458751249 0.01963140818379039
0.9757815863108346 0.22136265144481204 0.059544793248320294
0.7152763572352593 0.9527826359494713 0.9229843843791095
0.34959273077301567 0.18192228624627038 0.6958503595014695
0.5337960449662932 0.9187281685989229 0.8751068168013751
0.3644195191281101 0.6012969662427398 0.2663395478353232
0.11702925303788314 0.588229513230966 0.07825212586402586
0.3665562074895553 0.11040986878439873 0.5518587791352862
0.5063527059555505 0.7930774908368277 0.764109947765498
0.6491040523286289 0.15217958914765373 0.34924185415401343
0.3528993347792212 0.3527552773289926 0.8633758124984353
0.19742522709710153 0.14218746429810092 0.9632269787045524
0.04544273471503091 0.03814347940546525 0.37502756574550655
0.18096993130695438 0.7725220756445355 0.6476338438285012
0.8718921882500151 0.06950292639436795 0.8417647269076917
0.8635644326391441 0.8649526208299717 0.6003648482662223
0.22725548128585416 0.023495817394972196 0.9523929507319312
0.8210096252270277 0.06999172371129714 0.8552910203787893
0.7268625633481092 0.4726487557932233 0.9717639328456594
0.2677872546558062 0.924248025243885 0.2664808449624241
0.2802069697584366 0.0005624176078854459 0.23088040376223284
0.9089844288311874 0.950979149829283 0.9920818796411904
0.7707430957715107 0.6302616859661201 0.5241161531275182
0.7071236446472533 0.30385381204579887 0.8068177879583592
0.7906819382616954 0.5852125214247441 0.31525392935821994
0.9836891882241963 0.8713592185433132 0.08021735943406627
0.3801203332030618 0.05035284483280422 0.7161896765342575
0.8724162830015557 0.41576268188791154 0.26009034551713617
0.8977647334730244 0.7109287581867386 0.5344851789168606
0.2056141801368918 0.5497260914500528 0.7587086817213267
0.4160563045715443 0.9185790230968331 0.8989145117876924
0.07359632702151786 0.1970567664476247 0.3258675944237738
0.17983334757061442 0.9861079450073688 0.36993897187604297
0.7785132853841996 0.4849838417811365 0.8469469903721528
0.7936564545891385 0.0180589847506073 0.25064115451106084
0.9426872544564973 0.39131546788884575 0.06795297670829159
0.789971357328432 0.2782249943434497 0.6185573782931281